trip_id,arrival_time,departure_time,stop_id,stop_sequence,stop_headsign,pickup_type,drop_off_type,shape_dist_traveled,timepoint,continuous_pickup,continuous_drop_off,pickup_booking_rule_id,drop_off_booking_rule_id,start_pickup_dropoff_window,end_pickup_dropoff_window,mean_duration_factor,mean_duration_offset,safe_duration_factor,safe_duration_offset
t_1246400_b_26562_tn_0,10:40:00,10:40:00,9469,1,,0,0,0,1,1,1,,,,,,,,
t_1246400_b_26562_tn_0,11:00:00,11:00:00,2537574,2,,0,0,30425.5545567605,1,1,1,,,,,,,,
t_1246400_b_26562_tn_0,11:50:00,11:50:00,820643,3,,0,0,90441.8543184901,1,1,1,,,,,,,,
t_1246401_b_26562_tn_0,13:40:00,13:40:00,9469,1,,0,0,0,1,1,1,,,,,,,,
t_1246401_b_26562_tn_0,14:00:00,14:00:00,2537574,2,,0,0,30425.5545567605,1,1,1,,,,,,,,
t_1246401_b_26562_tn_0,14:50:00,14:50:00,820643,3,,0,0,90441.8543184901,1,1,1,,,,,,,,
t_1246402_b_26562_tn_0,16:15:00,16:15:00,9469,1,,0,0,0,1,1,1,,,,,,,,
t_1246402_b_26562_tn_0,16:35:00,16:35:00,2537574,2,,0,0,30425.5545567605,1,1,1,,,,,,,,
t_1246402_b_26562_tn_0,17:25:00,17:25:00,820643,3,,0,0,90441.8543184901,1,1,1,,,,,,,,
t_1246403_b_26562_tn_0,07:00:00,07:00:00,2430903,1,,0,0,0,0,1,1,,,,,,,,
t_1246403_b_26562_tn_0,07:25:00,07:25:00,2454788,2,,0,0,30519.3856732352,0,1,1,,,,,,,,
t_1246403_b_26562_tn_0,07:30:00,07:30:00,9469,3,,0,0,35221.35541602,0,1,1,,,,,,,,
t_1246404_b_26562_tn_0,09:40:00,09:40:00,2430903,1,,0,0,0,0,1,1,,,,,,,,
t_1246404_b_26562_tn_0,10:05:00,10:05:00,2454788,2,,0,0,30519.3856732352,0,1,1,,,,,,,,
t_1246404_b_26562_tn_0,10:10:00,10:10:00,9469,3,,0,0,35221.35541602,0,1,1,,,,,,,,
t_1246405_b_26562_tn_0,16:50:00,16:50:00,2430903,1,,0,0,0,0,1,1,,,,,,,,
t_1246405_b_26562_tn_0,17:15:00,17:15:00,2454788,2,,0,0,30519.3856732352,0,1,1,,,,,,,,
t_1246405_b_26562_tn_0,17:20:00,17:20:00,9469,3,,0,0,35221.35541602,0,1,1,,,,,,,,
t_1246408_b_26562_tn_0,10:40:00,10:40:00,9469,1,,0,0,0,1,1,1,,,,,,,,
t_1246408_b_26562_tn_0,11:00:00,11:00:00,2537574,2,,0,0,30425.5545567605,1,1,1,,,,,,,,
t_1246408_b_26562_tn_0,11:50:00,11:50:00,820643,3,,0,0,90441.8543184901,1,1,1,,,,,,,,
t_1246409_b_26562_tn_0,13:40:00,13:40:00,9469,1,,0,0,0,1,1,1,,,,,,,,
t_1246409_b_26562_tn_0,14:00:00,14:00:00,2537574,2,,0,0,30425.5545567605,1,1,1,,,,,,,,
t_1246409_b_26562_tn_0,14:50:00,14:50:00,820643,3,,0,0,90441.8543184901,1,1,1,,,,,,,,
t_1246425_b_26562_tn_0,09:10:00,09:10:00,9469,1,,0,0,0,1,1,1,,,,,,,,
t_1246425_b_26562_tn_0,09:40:00,09:40:00,2430903,2,,0,0,34412.17049817,1,1,1,,,,,,,,
t_1246426_b_26562_tn_0,16:20:00,16:20:00,9469,1,,0,0,0,1,1,1,,,,,,,,
t_1246426_b_26562_tn_0,16:50:00,16:50:00,2430903,2,,0,0,34412.17049817,1,1,1,,,,,,,,
t_1246437_b_26562_tn_0,09:00:00,09:00:00,820643,1,,0,0,0,1,1,1,,,,,,,,
t_1246437_b_26562_tn_0,09:50:00,09:50:00,2537573,2,,0,0,60012.1420801278,1,1,1,,,,,,,,
t_1246437_b_26562_tn_0,10:10:00,10:10:00,2454788,3,,0,0,92555.6898207277,1,1,1,,,,,,,,
t_1246437_b_26562_tn_0,10:15:00,10:15:00,9469,4,,0,0,97257.64170685,1,1,1,,,,,,,,
t_1246438_b_26562_tn_0,12:00:00,12:00:00,820643,1,,0,0,0,1,1,1,,,,,,,,
t_1246438_b_26562_tn_0,12:50:00,12:50:00,2537573,2,,0,0,60012.1420801278,1,1,1,,,,,,,,
t_1246438_b_26562_tn_0,13:10:00,13:10:00,2454788,3,,0,0,92555.6898207277,1,1,1,,,,,,,,
t_1246438_b_26562_tn_0,13:15:00,13:15:00,9469,4,,0,0,97257.64170685,1,1,1,,,,,,,,
t_1246439_b_26562_tn_0,15:00:00,15:00:00,820643,1,,0,0,0,1,1,1,,,,,,,,
t_1246439_b_26562_tn_0,15:50:00,15:50:00,2537573,2,,0,0,60012.1420801278,1,1,1,,,,,,,,
t_1246439_b_26562_tn_0,16:10:00,16:10:00,2454788,3,,0,0,92555.6898207277,1,1,1,,,,,,,,
t_1246439_b_26562_tn_0,16:15:00,16:15:00,9469,4,,0,0,97257.64170685,1,1,1,,,,,,,,
t_1246440_b_26562_tn_0,17:25:00,17:25:00,820643,1,,0,0,0,1,1,1,,,,,,,,
t_1246440_b_26562_tn_0,18:15:00,18:15:00,2537573,2,,0,0,60012.1420801278,1,1,1,,,,,,,,
t_1246440_b_26562_tn_0,18:35:00,18:35:00,2454788,3,,0,0,92555.6898207277,1,1,1,,,,,,,,
t_1246440_b_26562_tn_0,18:40:00,18:40:00,9469,4,,0,0,97257.64170685,1,1,1,,,,,,,,
t_1246441_b_26562_tn_0,09:00:00,09:00:00,820643,1,,0,0,0,1,1,1,,,,,,,,
t_1246441_b_26562_tn_0,09:50:00,09:50:00,2537573,2,,0,0,60012.1420801278,1,1,1,,,,,,,,
t_1246441_b_26562_tn_0,10:10:00,10:10:00,2454788,3,,0,0,92555.6898207277,1,1,1,,,,,,,,
t_1246441_b_26562_tn_0,10:15:00,10:15:00,9469,4,,0,0,97257.64170685,1,1,1,,,,,,,,
t_1246442_b_26562_tn_0,12:00:00,12:00:00,820643,1,,0,0,0,1,1,1,,,,,,,,
t_1246442_b_26562_tn_0,12:50:00,12:50:00,2537573,2,,0,0,60012.1420801278,1,1,1,,,,,,,,
t_1246442_b_26562_tn_0,13:10:00,13:10:00,2454788,3,,0,0,92555.6898207277,1,1,1,,,,,,,,
t_1246442_b_26562_tn_0,13:15:00,13:15:00,9469,4,,0,0,97257.64170685,1,1,1,,,,,,,,
t_1246443_b_26562_tn_0,15:00:00,15:00:00,820643,1,,0,0,0,1,1,1,,,,,,,,
t_1246443_b_26562_tn_0,15:50:00,15:50:00,2537573,2,,0,0,60012.1420801278,1,1,1,,,,,,,,
t_1246443_b_26562_tn_0,16:10:00,16:10:00,2454788,3,,0,0,92555.6898207277,1,1,1,,,,,,,,
t_1246443_b_26562_tn_0,16:15:00,16:15:00,9469,4,,0,0,97257.64170685,1,1,1,,,,,,,,
t_1247148_b_26562_tn_1,07:00:00,07:00:00,9469,1,,2,2,0,1,3,3,,,,,,,,
t_1247148_b_26562_tn_1,07:03:00,07:03:00,9460,2,,2,2,682.565532648383,1,3,3,,,,,,,,
t_1247148_b_26562_tn_1,07:06:00,07:06:00,2455479,3,,2,2,1819.67702056038,1,3,3,,,,,,,,
t_1247148_b_26562_tn_1,07:09:00,07:09:00,2455478,4,,2,2,2798.39160272786,1,3,3,,,,,,,,
t_1247148_b_26562_tn_1,07:12:00,07:12:00,2455480,5,,2,2,4247.75103489097,1,3,3,,,,,,,,
t_1247148_b_26562_tn_1,07:13:00,07:13:00,2455481,6,,2,2,5374.3709192699,1,3,3,,,,,,,,
t_1247148_b_26562_tn_1,07:15:00,07:15:00,9457,7,,2,2,5948.77286610471,1,3,3,,,,,,,,
t_1247148_b_26562_tn_1,07:18:00,07:18:00,2455703,8,,2,2,7490.94494982965,1,3,3,,,,,,,,
t_1247148_b_26562_tn_1,07:21:00,07:21:00,2455482,9,,2,2,8504.0681415431,1,3,3,,,,,,,,
t_1247148_b_26562_tn_1,07:30:00,07:30:00,2455471,10,,2,2,9312.10841637932,1,3,3,,,,,,,,
t_1247148_b_26562_tn_1,07:33:00,07:33:00,2455483,11,,2,2,10212.7552707837,1,3,3,,,,,,,,
t_1247148_b_26562_tn_1,07:36:00,07:36:00,2506080,12,,2,2,11511.1782118164,1,3,3,,,,,,,,
t_1247148_b_26562_tn_1,07:39:00,07:39:00,2455472,13,,2,2,12026.2619223264,1,3,3,,,,,,,,
t_1247148_b_26562_tn_1,07:45:00,07:45:00,9469,14,,2,2,13239.78212956,1,3,3,,,,,,,,
t_1247148_b_26562_tn_2,07:45:00,07:45:00,9469,1,,2,2,0,1,3,3,,,,,,,,
t_1247148_b_26562_tn_2,07:48:00,07:48:00,9460,2,,2,2,682.565532648383,1,3,3,,,,,,,,
t_1247148_b_26562_tn_2,07:51:00,07:51:00,2455479,3,,2,2,1819.67702056038,1,3,3,,,,,,,,
t_1247148_b_26562_tn_2,07:54:00,07:54:00,2455478,4,,2,2,2798.39160272786,1,3,3,,,,,,,,
t_1247148_b_26562_tn_2,07:57:00,07:57:00,2455480,5,,2,2,4247.75103489097,1,3,3,,,,,,,,
t_1247148_b_26562_tn_2,07:58:00,07:58:00,2455481,6,,2,2,5374.3709192699,1,3,3,,,,,,,,
t_1247148_b_26562_tn_2,08:00:00,08:00:00,9457,7,,2,2,5948.77286610471,1,3,3,,,,,,,,
t_1247148_b_26562_tn_2,08:03:00,08:03:00,2455703,8,,2,2,7490.94494982965,1,3,3,,,,,,,,
t_1247148_b_26562_tn_2,08:06:00,08:06:00,2455482,9,,2,2,8504.0681415431,1,3,3,,,,,,,,
t_1247148_b_26562_tn_2,08:15:00,08:15:00,2455471,10,,2,2,9312.10841637932,1,3,3,,,,,,,,
t_1247148_b_26562_tn_2,08:18:00,08:18:00,2455483,11,,2,2,10212.7552707837,1,3,3,,,,,,,,
t_1247148_b_26562_tn_2,08:21:00,08:21:00,2506080,12,,2,2,11511.1782118164,1,3,3,,,,,,,,
t_1247148_b_26562_tn_2,08:24:00,08:24:00,2455472,13,,2,2,12026.2619223264,1,3,3,,,,,,,,
t_1247148_b_26562_tn_2,08:30:00,08:30:00,9469,14,,2,2,13239.78212956,1,3,3,,,,,,,,
t_1247148_b_26562_tn_3,08:30:00,08:30:00,9469,1,,2,2,0,1,3,3,,,,,,,,
t_1247148_b_26562_tn_3,08:33:00,08:33:00,9460,2,,2,2,682.565532648383,1,3,3,,,,,,,,
t_1247148_b_26562_tn_3,08:36:00,08:36:00,2455479,3,,2,2,1819.67702056038,1,3,3,,,,,,,,
t_1247148_b_26562_tn_3,08:39:00,08:39:00,2455478,4,,2,2,2798.39160272786,1,3,3,,,,,,,,
t_1247148_b_26562_tn_3,08:42:00,08:42:00,2455480,5,,2,2,4247.75103489097,1,3,3,,,,,,,,
t_1247148_b_26562_tn_3,08:43:00,08:43:00,2455481,6,,2,2,5374.3709192699,1,3,3,,,,,,,,
t_1247148_b_26562_tn_3,08:45:00,08:45:00,9457,7,,2,2,5948.77286610471,1,3,3,,,,,,,,
t_1247148_b_26562_tn_3,08:48:00,08:48:00,2455703,8,,2,2,7490.94494982965,1,3,3,,,,,,,,
t_1247148_b_26562_tn_3,08:51:00,08:51:00,2455482,9,,2,2,8504.0681415431,1,3,3,,,,,,,,
t_1247148_b_26562_tn_3,09:00:00,09:00:00,2455471,10,,2,2,9312.10841637932,1,3,3,,,,,,,,
t_1247148_b_26562_tn_3,09:03:00,09:03:00,2455483,11,,2,2,10212.7552707837,1,3,3,,,,,,,,
t_1247148_b_26562_tn_3,09:06:00,09:06:00,2506080,12,,2,2,11511.1782118164,1,3,3,,,,,,,,
t_1247148_b_26562_tn_3,09:09:00,09:09:00,2455472,13,,2,2,12026.2619223264,1,3,3,,,,,,,,
t_1247148_b_26562_tn_3,09:15:00,09:15:00,9469,14,,2,2,13239.78212956,1,3,3,,,,,,,,
t_1247148_b_26562_tn_4,09:15:00,09:15:00,9469,1,,2,2,0,1,3,3,,,,,,,,
t_1247148_b_26562_tn_4,09:18:00,09:18:00,9460,2,,2,2,682.565532648383,1,3,3,,,,,,,,
t_1247148_b_26562_tn_4,09:21:00,09:21:00,2455479,3,,2,2,1819.67702056038,1,3,3,,,,,,,,
t_1247148_b_26562_tn_4,09:24:00,09:24:00,2455478,4,,2,2,2798.39160272786,1,3,3,,,,,,,,
t_1247148_b_26562_tn_4,09:27:00,09:27:00,2455480,5,,2,2,4247.75103489097,1,3,3,,,,,,,,
t_1247148_b_26562_tn_4,09:28:00,09:28:00,2455481,6,,2,2,5374.3709192699,1,3,3,,,,,,,,
t_1247148_b_26562_tn_4,09:30:00,09:30:00,9457,7,,2,2,5948.77286610471,1,3,3,,,,,,,,
t_1247148_b_26562_tn_4,09:33:00,09:33:00,2455703,8,,2,2,7490.94494982965,1,3,3,,,,,,,,
t_1247148_b_26562_tn_4,09:36:00,09:36:00,2455482,9,,2,2,8504.0681415431,1,3,3,,,,,,,,
t_1247148_b_26562_tn_4,09:45:00,09:45:00,2455471,10,,2,2,9312.10841637932,1,3,3,,,,,,,,
t_1247148_b_26562_tn_4,09:48:00,09:48:00,2455483,11,,2,2,10212.7552707837,1,3,3,,,,,,,,
t_1247148_b_26562_tn_4,09:51:00,09:51:00,2506080,12,,2,2,11511.1782118164,1,3,3,,,,,,,,
t_1247148_b_26562_tn_4,09:54:00,09:54:00,2455472,13,,2,2,12026.2619223264,1,3,3,,,,,,,,
t_1247148_b_26562_tn_4,10:00:00,10:00:00,9469,14,,2,2,13239.78212956,1,3,3,,,,,,,,
t_1247149_b_26562_tn_1,10:30:00,10:30:00,9469,1,,2,2,0,1,3,3,,,,,,,,
t_1247149_b_26562_tn_1,10:33:00,10:33:00,9460,2,,2,2,682.565532648383,1,3,3,,,,,,,,
t_1247149_b_26562_tn_1,10:36:00,10:36:00,2455479,3,,2,2,1819.67702056038,1,3,3,,,,,,,,
t_1247149_b_26562_tn_1,10:39:00,10:39:00,2455478,4,,2,2,2798.39160272786,1,3,3,,,,,,,,
t_1247149_b_26562_tn_1,10:42:00,10:42:00,2455480,5,,2,2,4247.75103489097,1,3,3,,,,,,,,
t_1247149_b_26562_tn_1,10:43:00,10:43:00,2455481,6,,2,2,5374.3709192699,1,3,3,,,,,,,,
t_1247149_b_26562_tn_1,10:45:00,10:45:00,9457,7,,2,2,5948.77286610471,1,3,3,,,,,,,,
t_1247149_b_26562_tn_1,10:48:00,10:48:00,2455703,8,,2,2,7490.94494982965,1,3,3,,,,,,,,
t_1247149_b_26562_tn_1,10:51:00,10:51:00,2455482,9,,2,2,8504.0681415431,1,3,3,,,,,,,,
t_1247149_b_26562_tn_1,11:00:00,11:00:00,2455471,10,,2,2,9312.10841637932,1,3,3,,,,,,,,
t_1247149_b_26562_tn_1,11:03:00,11:03:00,2455483,11,,2,2,10212.7552707837,1,3,3,,,,,,,,
t_1247149_b_26562_tn_1,11:06:00,11:06:00,2506080,12,,2,2,11511.1782118164,1,3,3,,,,,,,,
t_1247149_b_26562_tn_1,11:09:00,11:09:00,2455472,13,,2,2,12026.2619223264,1,3,3,,,,,,,,
t_1247149_b_26562_tn_1,11:15:00,11:15:00,9469,14,,2,2,13239.78212956,1,3,3,,,,,,,,
t_1247149_b_26562_tn_2,11:15:00,11:15:00,9469,1,,2,2,0,1,3,3,,,,,,,,
t_1247149_b_26562_tn_2,11:18:00,11:18:00,9460,2,,2,2,682.565532648383,1,3,3,,,,,,,,
t_1247149_b_26562_tn_2,11:21:00,11:21:00,2455479,3,,2,2,1819.67702056038,1,3,3,,,,,,,,
t_1247149_b_26562_tn_2,11:24:00,11:24:00,2455478,4,,2,2,2798.39160272786,1,3,3,,,,,,,,
t_1247149_b_26562_tn_2,11:27:00,11:27:00,2455480,5,,2,2,4247.75103489097,1,3,3,,,,,,,,
t_1247149_b_26562_tn_2,11:28:00,11:28:00,2455481,6,,2,2,5374.3709192699,1,3,3,,,,,,,,
t_1247149_b_26562_tn_2,11:30:00,11:30:00,9457,7,,2,2,5948.77286610471,1,3,3,,,,,,,,
t_1247149_b_26562_tn_2,11:33:00,11:33:00,2455703,8,,2,2,7490.94494982965,1,3,3,,,,,,,,
t_1247149_b_26562_tn_2,11:36:00,11:36:00,2455482,9,,2,2,8504.0681415431,1,3,3,,,,,,,,
t_1247149_b_26562_tn_2,11:45:00,11:45:00,2455471,10,,2,2,9312.10841637932,1,3,3,,,,,,,,
t_1247149_b_26562_tn_2,11:48:00,11:48:00,2455483,11,,2,2,10212.7552707837,1,3,3,,,,,,,,
t_1247149_b_26562_tn_2,11:51:00,11:51:00,2506080,12,,2,2,11511.1782118164,1,3,3,,,,,,,,
t_1247149_b_26562_tn_2,11:54:00,11:54:00,2455472,13,,2,2,12026.2619223264,1,3,3,,,,,,,,
t_1247149_b_26562_tn_2,12:00:00,12:00:00,9469,14,,2,2,13239.78212956,1,3,3,,,,,,,,
t_1247149_b_26562_tn_3,12:00:00,12:00:00,9469,1,,2,2,0,1,3,3,,,,,,,,
t_1247149_b_26562_tn_3,12:03:00,12:03:00,9460,2,,2,2,682.565532648383,1,3,3,,,,,,,,
t_1247149_b_26562_tn_3,12:06:00,12:06:00,2455479,3,,2,2,1819.67702056038,1,3,3,,,,,,,,
t_1247149_b_26562_tn_3,12:09:00,12:09:00,2455478,4,,2,2,2798.39160272786,1,3,3,,,,,,,,
t_1247149_b_26562_tn_3,12:12:00,12:12:00,2455480,5,,2,2,4247.75103489097,1,3,3,,,,,,,,
t_1247149_b_26562_tn_3,12:13:00,12:13:00,2455481,6,,2,2,5374.3709192699,1,3,3,,,,,,,,
t_1247149_b_26562_tn_3,12:15:00,12:15:00,9457,7,,2,2,5948.77286610471,1,3,3,,,,,,,,
t_1247149_b_26562_tn_3,12:18:00,12:18:00,2455703,8,,2,2,7490.94494982965,1,3,3,,,,,,,,
t_1247149_b_26562_tn_3,12:21:00,12:21:00,2455482,9,,2,2,8504.0681415431,1,3,3,,,,,,,,
t_1247149_b_26562_tn_3,12:30:00,12:30:00,2455471,10,,2,2,9312.10841637932,1,3,3,,,,,,,,
t_1247149_b_26562_tn_3,12:33:00,12:33:00,2455483,11,,2,2,10212.7552707837,1,3,3,,,,,,,,
t_1247149_b_26562_tn_3,12:36:00,12:36:00,2506080,12,,2,2,11511.1782118164,1,3,3,,,,,,,,
t_1247149_b_26562_tn_3,12:39:00,12:39:00,2455472,13,,2,2,12026.2619223264,1,3,3,,,,,,,,
t_1247149_b_26562_tn_3,12:45:00,12:45:00,9469,14,,2,2,13239.78212956,1,3,3,,,,,,,,
t_1247150_b_26562_tn_1,13:00:00,13:00:00,9469,1,,2,2,0,1,3,3,,,,,,,,
t_1247150_b_26562_tn_1,13:03:00,13:03:00,9460,2,,2,2,682.565532648383,1,3,3,,,,,,,,
t_1247150_b_26562_tn_1,13:06:00,13:06:00,2455479,3,,2,2,1819.67702056038,1,3,3,,,,,,,,
t_1247150_b_26562_tn_1,13:09:00,13:09:00,2455478,4,,2,2,2798.39160272786,1,3,3,,,,,,,,
t_1247150_b_26562_tn_1,13:12:00,13:12:00,2455480,5,,2,2,4247.75103489097,1,3,3,,,,,,,,
t_1247150_b_26562_tn_1,13:13:00,13:13:00,2455481,6,,2,2,5374.3709192699,1,3,3,,,,,,,,
t_1247150_b_26562_tn_1,13:15:00,13:15:00,9457,7,,2,2,5948.77286610471,1,3,3,,,,,,,,
t_1247150_b_26562_tn_1,13:18:00,13:18:00,2455703,8,,2,2,7490.94494982965,1,3,3,,,,,,,,
t_1247150_b_26562_tn_1,13:21:00,13:21:00,2455482,9,,2,2,8504.0681415431,1,3,3,,,,,,,,
t_1247150_b_26562_tn_1,13:30:00,13:30:00,2455471,10,,2,2,9312.10841637932,1,3,3,,,,,,,,
t_1247150_b_26562_tn_1,13:33:00,13:33:00,2455483,11,,2,2,10212.7552707837,1,3,3,,,,,,,,
t_1247150_b_26562_tn_1,13:36:00,13:36:00,2506080,12,,2,2,11511.1782118164,1,3,3,,,,,,,,
t_1247150_b_26562_tn_1,13:39:00,13:39:00,2455472,13,,2,2,12026.2619223264,1,3,3,,,,,,,,
t_1247150_b_26562_tn_1,13:45:00,13:45:00,9469,14,,2,2,13239.78212956,1,3,3,,,,,,,,
t_1247150_b_26562_tn_2,13:45:00,13:45:00,9469,1,,2,2,0,1,3,3,,,,,,,,
t_1247150_b_26562_tn_2,13:48:00,13:48:00,9460,2,,2,2,682.565532648383,1,3,3,,,,,,,,
t_1247150_b_26562_tn_2,13:51:00,13:51:00,2455479,3,,2,2,1819.67702056038,1,3,3,,,,,,,,
t_1247150_b_26562_tn_2,13:54:00,13:54:00,2455478,4,,2,2,2798.39160272786,1,3,3,,,,,,,,
t_1247150_b_26562_tn_2,13:57:00,13:57:00,2455480,5,,2,2,4247.75103489097,1,3,3,,,,,,,,
t_1247150_b_26562_tn_2,13:58:00,13:58:00,2455481,6,,2,2,5374.3709192699,1,3,3,,,,,,,,
t_1247150_b_26562_tn_2,14:00:00,14:00:00,9457,7,,2,2,5948.77286610471,1,3,3,,,,,,,,
t_1247150_b_26562_tn_2,14:03:00,14:03:00,2455703,8,,2,2,7490.94494982965,1,3,3,,,,,,,,
t_1247150_b_26562_tn_2,14:06:00,14:06:00,2455482,9,,2,2,8504.0681415431,1,3,3,,,,,,,,
t_1247150_b_26562_tn_2,14:15:00,14:15:00,2455471,10,,2,2,9312.10841637932,1,3,3,,,,,,,,
t_1247150_b_26562_tn_2,14:18:00,14:18:00,2455483,11,,2,2,10212.7552707837,1,3,3,,,,,,,,
t_1247150_b_26562_tn_2,14:21:00,14:21:00,2506080,12,,2,2,11511.1782118164,1,3,3,,,,,,,,
t_1247150_b_26562_tn_2,14:24:00,14:24:00,2455472,13,,2,2,12026.2619223264,1,3,3,,,,,,,,
t_1247150_b_26562_tn_2,14:30:00,14:30:00,9469,14,,2,2,13239.78212956,1,3,3,,,,,,,,
t_1247150_b_26562_tn_3,14:30:00,14:30:00,9469,1,,2,2,0,1,3,3,,,,,,,,
t_1247150_b_26562_tn_3,14:33:00,14:33:00,9460,2,,2,2,682.565532648383,1,3,3,,,,,,,,
t_1247150_b_26562_tn_3,14:36:00,14:36:00,2455479,3,,2,2,1819.67702056038,1,3,3,,,,,,,,
t_1247150_b_26562_tn_3,14:39:00,14:39:00,2455478,4,,2,2,2798.39160272786,1,3,3,,,,,,,,
t_1247150_b_26562_tn_3,14:42:00,14:42:00,2455480,5,,2,2,4247.75103489097,1,3,3,,,,,,,,
t_1247150_b_26562_tn_3,14:43:00,14:43:00,2455481,6,,2,2,5374.3709192699,1,3,3,,,,,,,,
t_1247150_b_26562_tn_3,14:45:00,14:45:00,9457,7,,2,2,5948.77286610471,1,3,3,,,,,,,,
t_1247150_b_26562_tn_3,14:48:00,14:48:00,2455703,8,,2,2,7490.94494982965,1,3,3,,,,,,,,
t_1247150_b_26562_tn_3,14:51:00,14:51:00,2455482,9,,2,2,8504.0681415431,1,3,3,,,,,,,,
t_1247150_b_26562_tn_3,15:00:00,15:00:00,2455471,10,,2,2,9312.10841637932,1,3,3,,,,,,,,
t_1247150_b_26562_tn_3,15:03:00,15:03:00,2455483,11,,2,2,10212.7552707837,1,3,3,,,,,,,,
t_1247150_b_26562_tn_3,15:06:00,15:06:00,2506080,12,,2,2,11511.1782118164,1,3,3,,,,,,,,
t_1247150_b_26562_tn_3,15:09:00,15:09:00,2455472,13,,2,2,12026.2619223264,1,3,3,,,,,,,,
t_1247150_b_26562_tn_3,15:15:00,15:15:00,9469,14,,2,2,13239.78212956,1,3,3,,,,,,,,
t_1247150_b_26562_tn_4,15:15:00,15:15:00,9469,1,,2,2,0,1,3,3,,,,,,,,
t_1247150_b_26562_tn_4,15:18:00,15:18:00,9460,2,,2,2,682.565532648383,1,3,3,,,,,,,,
t_1247150_b_26562_tn_4,15:21:00,15:21:00,2455479,3,,2,2,1819.67702056038,1,3,3,,,,,,,,
t_1247150_b_26562_tn_4,15:24:00,15:24:00,2455478,4,,2,2,2798.39160272786,1,3,3,,,,,,,,
t_1247150_b_26562_tn_4,15:27:00,15:27:00,2455480,5,,2,2,4247.75103489097,1,3,3,,,,,,,,
t_1247150_b_26562_tn_4,15:28:00,15:28:00,2455481,6,,2,2,5374.3709192699,1,3,3,,,,,,,,
t_1247150_b_26562_tn_4,15:30:00,15:30:00,9457,7,,2,2,5948.77286610471,1,3,3,,,,,,,,
t_1247150_b_26562_tn_4,15:33:00,15:33:00,2455703,8,,2,2,7490.94494982965,1,3,3,,,,,,,,
t_1247150_b_26562_tn_4,15:36:00,15:36:00,2455482,9,,2,2,8504.0681415431,1,3,3,,,,,,,,
t_1247150_b_26562_tn_4,15:45:00,15:45:00,2455471,10,,2,2,9312.10841637932,1,3,3,,,,,,,,
t_1247150_b_26562_tn_4,15:48:00,15:48:00,2455483,11,,2,2,10212.7552707837,1,3,3,,,,,,,,
t_1247150_b_26562_tn_4,15:51:00,15:51:00,2506080,12,,2,2,11511.1782118164,1,3,3,,,,,,,,
t_1247150_b_26562_tn_4,15:54:00,15:54:00,2455472,13,,2,2,12026.2619223264,1,3,3,,,,,,,,
t_1247150_b_26562_tn_4,16:00:00,16:00:00,9469,14,,2,2,13239.78212956,1,3,3,,,,,,,,
t_1247151_b_26562_tn_1,16:30:00,16:30:00,9469,1,,2,2,0,1,3,3,,,,,,,,
t_1247151_b_26562_tn_1,16:33:00,16:33:00,9460,2,,2,2,682.565532648383,1,3,3,,,,,,,,
t_1247151_b_26562_tn_1,16:36:00,16:36:00,2455479,3,,2,2,1819.67702056038,1,3,3,,,,,,,,
t_1247151_b_26562_tn_1,16:39:00,16:39:00,2455478,4,,2,2,2798.39160272786,1,3,3,,,,,,,,
t_1247151_b_26562_tn_1,16:42:00,16:42:00,2455480,5,,2,2,4247.75103489097,1,3,3,,,,,,,,
t_1247151_b_26562_tn_1,16:43:00,16:43:00,2455481,6,,2,2,5374.3709192699,1,3,3,,,,,,,,
t_1247151_b_26562_tn_1,16:45:00,16:45:00,9457,7,,2,2,5948.77286610471,1,3,3,,,,,,,,
t_1247151_b_26562_tn_1,16:48:00,16:48:00,2455703,8,,2,2,7490.94494982965,1,3,3,,,,,,,,
t_1247151_b_26562_tn_1,16:51:00,16:51:00,2455482,9,,2,2,8504.0681415431,1,3,3,,,,,,,,
t_1247151_b_26562_tn_1,17:00:00,17:00:00,2455471,10,,2,2,9312.10841637932,1,3,3,,,,,,,,
t_1247151_b_26562_tn_1,17:03:00,17:03:00,2455483,11,,2,2,10212.7552707837,1,3,3,,,,,,,,
t_1247151_b_26562_tn_1,17:06:00,17:06:00,2506080,12,,2,2,11511.1782118164,1,3,3,,,,,,,,
t_1247151_b_26562_tn_1,17:09:00,17:09:00,2455472,13,,2,2,12026.2619223264,1,3,3,,,,,,,,
t_1247151_b_26562_tn_1,17:15:00,17:15:00,9469,14,,2,2,13239.78212956,1,3,3,,,,,,,,
t_1247151_b_26562_tn_2,17:15:00,17:15:00,9469,1,,2,2,0,1,3,3,,,,,,,,
t_1247151_b_26562_tn_2,17:18:00,17:18:00,9460,2,,2,2,682.565532648383,1,3,3,,,,,,,,
t_1247151_b_26562_tn_2,17:21:00,17:21:00,2455479,3,,2,2,1819.67702056038,1,3,3,,,,,,,,
t_1247151_b_26562_tn_2,17:24:00,17:24:00,2455478,4,,2,2,2798.39160272786,1,3,3,,,,,,,,
t_1247151_b_26562_tn_2,17:27:00,17:27:00,2455480,5,,2,2,4247.75103489097,1,3,3,,,,,,,,
t_1247151_b_26562_tn_2,17:28:00,17:28:00,2455481,6,,2,2,5374.3709192699,1,3,3,,,,,,,,
t_1247151_b_26562_tn_2,17:30:00,17:30:00,9457,7,,2,2,5948.77286610471,1,3,3,,,,,,,,
t_1247151_b_26562_tn_2,17:33:00,17:33:00,2455703,8,,2,2,7490.94494982965,1,3,3,,,,,,,,
t_1247151_b_26562_tn_2,17:36:00,17:36:00,2455482,9,,2,2,8504.0681415431,1,3,3,,,,,,,,
t_1247151_b_26562_tn_2,17:45:00,17:45:00,2455471,10,,2,2,9312.10841637932,1,3,3,,,,,,,,
t_1247151_b_26562_tn_2,17:48:00,17:48:00,2455483,11,,2,2,10212.7552707837,1,3,3,,,,,,,,
t_1247151_b_26562_tn_2,17:51:00,17:51:00,2506080,12,,2,2,11511.1782118164,1,3,3,,,,,,,,
t_1247151_b_26562_tn_2,17:54:00,17:54:00,2455472,13,,2,2,12026.2619223264,1,3,3,,,,,,,,
t_1247151_b_26562_tn_2,18:00:00,18:00:00,9469,14,,2,2,13239.78212956,1,3,3,,,,,,,,
t_1247151_b_26562_tn_3,18:00:00,18:00:00,9469,1,,2,2,0,1,3,3,,,,,,,,
t_1247151_b_26562_tn_3,18:03:00,18:03:00,9460,2,,2,2,682.565532648383,1,3,3,,,,,,,,
t_1247151_b_26562_tn_3,18:06:00,18:06:00,2455479,3,,2,2,1819.67702056038,1,3,3,,,,,,,,
t_1247151_b_26562_tn_3,18:09:00,18:09:00,2455478,4,,2,2,2798.39160272786,1,3,3,,,,,,,,
t_1247151_b_26562_tn_3,18:12:00,18:12:00,2455480,5,,2,2,4247.75103489097,1,3,3,,,,,,,,
t_1247151_b_26562_tn_3,18:13:00,18:13:00,2455481,6,,2,2,5374.3709192699,1,3,3,,,,,,,,
t_1247151_b_26562_tn_3,18:15:00,18:15:00,9457,7,,2,2,5948.77286610471,1,3,3,,,,,,,,
t_1247151_b_26562_tn_3,18:18:00,18:18:00,2455703,8,,2,2,7490.94494982965,1,3,3,,,,,,,,
t_1247151_b_26562_tn_3,18:21:00,18:21:00,2455482,9,,2,2,8504.0681415431,1,3,3,,,,,,,,
t_1247151_b_26562_tn_3,18:30:00,18:30:00,2455471,10,,2,2,9312.10841637932,1,3,3,,,,,,,,
t_1247151_b_26562_tn_3,18:33:00,18:33:00,2455483,11,,2,2,10212.7552707837,1,3,3,,,,,,,,
t_1247151_b_26562_tn_3,18:36:00,18:36:00,2506080,12,,2,2,11511.1782118164,1,3,3,,,,,,,,
t_1247151_b_26562_tn_3,18:39:00,18:39:00,2455472,13,,2,2,12026.2619223264,1,3,3,,,,,,,,
t_1247151_b_26562_tn_3,18:45:00,18:45:00,9469,14,,2,2,13239.78212956,1,3,3,,,,,,,,
t_895018_b_26562_tn_0,07:40:00,07:40:00,9469,1,,0,0,0,1,1,1,,,,,,,,
t_895018_b_26562_tn_0,08:00:00,08:00:00,2537574,2,,0,0,30425.5545567605,1,1,1,,,,,,,,
t_895018_b_26562_tn_0,08:50:00,08:50:00,820643,3,,0,0,90441.8543184901,1,1,1,,,,,,,,
t_895024_b_26562_tn_0,07:40:00,07:40:00,9469,1,,0,0,0,1,1,1,,,,,,,,
t_895024_b_26562_tn_0,08:00:00,08:00:00,2537574,2,,0,0,30425.5545567605,1,1,1,,,,,,,,
t_895024_b_26562_tn_0,08:50:00,08:50:00,820643,3,,0,0,90441.8543184901,1,1,1,,,,,,,,
t_895038_b_26562_tn_0,07:00:00,07:00:00,9469,1,,0,0,0,1,1,1,,,,,,,,
t_895038_b_26562_tn_0,07:30:00,07:30:00,2430903,2,,0,0,34412.17049817,1,1,1,,,,,,,,
t_895238_b_26562_tn_0,,,area_201,1,,2,2,0,0,1,1,booking_route_14656,booking_route_14656,07:30:00,17:30:00,2,00:03:00,3,00:05:00